852661872331194408
852661876017201223
852661919864062002
852661915108114439
852661950923931659
852661972725530634
852661888922943538
852661850029293588
852661867645370428
852661870989017088
852661956536041534
852661909990932571
852661846195699762
852661932157829160
852661913292767263
852661869042466852
852661906220777512
852661926156435486
852661931730665493
852661932073943090
852661888483065867
852661550065123328
852661843058098177
852661867385323520
852661885022109696
852661880585715742
852661842845368350
852661957097685063
852661958926794782
852661923686252584
852661909332688906
852661856551567420
852661944094687294
852661921807204372
852661971424641045
852661907704905729
852661859047702548
852661944716754984
852661916950069258
852661890303524905
852661857113210931
852661922242232361
852661862545621063
852661863774683187
852661934683717722
852661890840133642
852661975140794398
852661953972666429
852661843116818442
852661919025463377
852661937359028286
852661917323362334
852661912880939089
852661851442380811
852661948054110219
852661939078168576
852661934150123560
852661906442813470
852661885966090250
852661549863665708
852661870497497118
852661957340168333
852661874079432754
852661863102677032
852661906712166480
852661961991651328
852661910649569300
852661884372648027
852661847265116160
852661906413715486
852661842811420734
852661955046408192
852661906316460132
852661907235405879
852661852575236126
852661842969886750
852661847861231646
852661860817436672
852661933101416459
852661843038306424
852661865968435211
852661937984503898
852661920615890944
852661550141538374
852661910940024893
852661906506645504
852661859399368725
852661877204582420
852661550127775814
852661949022994432
852661940232912926
852661950739120178
852661883579924521
852661942979264554
852661968653123664
852661875317407745
852661882527809576
852661874272370719
852661923186737193
852661550111784990
852661912323883029
852661871072247891
852661906329567232
852661973995749415
852661933794525225
852661949636018196
852661935727444038
852661906459197490
852661869365035039
852661925179555881
852661843558400040
852661876089290773
852661857697267722
852661873513463829
852661886330994708
852661909438332938
852661918874992681
852661969542578176
852661942128082974
852661842517032981
852661881280659506
852661964655165490
852661843020218388
852661882736082964
852661907001311302
852661974576005170
852661945856557156
852661908519256094
852661961044393994
852661872141402122
852661917243277393
852661955163848707
852661872985636914
852661947183005727
852661908191838267
852661880236802098
852661954313322527
852661549888700478
852661882120044594
852661843054297108
852661971350323220
852661968821026816
852661975095050301
852661952001474600
852661915993636975
852661842625953803
852661913976438804
852661917817765889
852661884775825425
852661933345865748
852661932057821184
852661877976072203
852661923115040780
852661966862155786
852661931579932677
852661970108153927
852661962701144084
852661549968392232
852661959514128444
852661934658158593
852661853087858738
852661969893720104
852661857834500096
852661843369394226
852661919340822568
852661954299953182
852661908859387934
852661938239307817
852661962646356038
852661889750401034
852661948780904478
852661949586341929
852661888398393364
852661869079429160
852661910587179018
852661967553429514
852661952941522985
852661957575573524
852661861592727613
852661842857033748
852661945945423943
852661939930005555
852661848247500860
852661965607272448
852661850804977705
852661936591339592
852661843850821703
852661853988585542
852661964479528960
852661905986420751
852661970092032060
852661922921840650
852661860360781894
852661855313723435
852661944078565428
852661907000918017
852661848435064872
852661860015800370
852661859219669032
852661972855816192
852661906812436500
852661550699249674
852661950500044820
852661971698581564
852661852822700094
852661915309441034
852661844043628605
852661936013180928
852661863467450369
852661862084116510
852661958590070814
852661951444156436
852661861757616138
852661845717811250
852661853372678174
852661842907889754
852661919534153789
852661866873225266
852661845130477578
852661940504363021
852661953255964713
852661906186436609
852661843075268648
852661887555338302
852661974412296302
852661867586388028
852661921185267732
852661906187747348
852661924880711721
852661852394881054
852661872829136916
852661924943888454
852661881155878924
852661960213397565
852661924260741190
852661846400958475
852661852071919707
852661947714764830
852661971903840266
852661907399639091
852661874335416320
852661955340664892
852661958275891231
852661842550980609
852661860100079667
852661942665216060
852661869888929832
852661844908834837
852661964961611836
852661851036581949
852661882954580070
852661931926880266
852661961077555273
852661869701496832
852661962944675890
852661911962779660
852661873207148644
852661906464178196
852661861631000617
852661889606877184
852661880912216098
852661876617117706
852661842840518686
852661932351422514
852661842840780830
852661914718306304
852661946247020604
852661871856582696
852661550066040842
852661855688065094
852661922470166558
852661844945534996
852661844312064070
852661946892288043
852661858653569044
852661921810481212
852661855185010698
852661973363326976
852661854228185088
852661842996494356
852661922167259186
852661931902238750
852661931885461505
852661949962649621
852661845822930994
852661848247369729
852661842525945919
852661968136306708
852661970758402078
852661952609779762
852661886914396190
852661891692101652
852661921277542460
852661906669961258
852661975594565682
852661843192709151
852661857302478868
852661879092543498
852661939406503996
852661862339706990
852661892052811816
852661940048494593
852661960512503835
852661910616145971
852661842873942118
852661907051249694
852661956782719037
852661914408452126
852661842932662272
852661879943462932
852661881613451304
852661886670733342
852661864571207751
852661926042402876
852661550052671508
852661843381583904
852661963698733057
852661906438094858
852661854484693022
852661906228641882
852661863266910258
852661860867113010
852661873844813854
852661842538266635
852661918388715550
852661942421946398
852661906569560116
852661953313636373
852661843091652688
852661549960003594
852661932582109204
852661911074242613
852661950248255488
852661874805833769
852661883068481586
852661906309251132
852661884145762315
852661932241977364
852661906619367474
852661931575738399
852661889162412043
852661967923576933
852661879691149372
852661932254298132
852661906161795092
852661944959631360
852661931743248455
852661871239888916
852661946028261432
852661911710728232
852661956170481724
852661932855132223
852661932564807692
852661925639880714
852661842903040050
852661935136964688
852661878508879902
852661853477404713
852661858594193458
852661951770525716
852661939486064701
852661966224097341
852661976038768704
852661849148751873
852661965889339393
852661920606584852
852661865666445352
852661941482291201
852661842899632228
852661890889941012
852661549617119303
852661920044810271
852661906686476288
852661964361564170
852661864805564436
852661974202449920
852661866042884106
852661849459785759
852661843675971584
852661957911773185
852661864260960336
852661923631071273
852661888072548372
852661947505049601
852661878051962901
852661931550834759
852661907876741120
852661882154254377
852661918123687942
852661954404941895
852661975808081941
852661875371933697
852661550241677343
852661865145172018
852661887233425408
852661842705776691
852661932108546108
852661915682340864
852661949376626708
852661908846673926
852661931953356821
852661906220646490
852661964697763841
852661933504331777
852661932141183047
852661854903337030
852661883567079464
852661842961498172
852661537369358346
852661909529296996
852661891225354331
852661866588012554
852661960038154290
852661945193988187
852661967042248724
852661911858446396
852661886079074354
852661963393073152
852661973391769631
852661847592796160
852661906539675688
852661955650781206
852661876835745822
852661935441707058
852661550132232202
852661885496066058
852661867931369492
852661853632331836
852661934319075368
852661870245838868
852661891276865546
852661941263532063
852661937182343169
852661850733674497
852661848553029693
852661858081964042
852661967448440892
852661972377272340
852661878803267624
852661943491624970
852661961975005194
852661956548755456
852661937153245194
852661931629871115
852661550467776562
852661963212718080
852661946682703932
852661868145410048
852661906585419777
852661959198900244
852661550060929065
852661906904317962
852661913136660520
852661942133063730
852661865230368829
852661877682602035
852661948038250516
852661870892810260
852661966420967485
852661846968500294
852661909744255046
852661856581582860
852661936276504576
852661906916638740
852661868438356000
852661842483347497
852661932133580821
852661856199245864
852661885248602182
852661970951471115
852661849044156427
852661890034171964
852661887527157760
852661913645350942
852661917453647902
852661856015482920
852661846845554738
852661952249069598
852661875421610054
852661938777096212
852661916320137266
852661961488466000
852661938897944586
852661972079476795
852661965340147752
852661906514903041
852661906611240960
852661879662182410
852661943633576047
852661959751893022
852661843076186112
852661863979548691
852661877510242324
852661918291722261
852661945870057482
852661936956375090
852661969252909076
852661940622196788
852661851211694101
852661913951010827
852661952995131435
